1920 1080
1068.7936296105786 1073.2566630314493
951.04882598562858 562.62425051013179

512 424
360.76324982583412 361.73474742388498
251.65738565211117 211.94327687685706

0.99996176300643258  -0.0086689337227376945  0.0011498318041945812  -0.049628566404105956
0.0086751884166332404 0.99994696212257839 -0.0055510402414875584 -0.00039881725247840617
-0.0011016492196105928 0.0055608029939463776 0.99998393179043610 0.0042250025216593653

0 0

1059.3684936117179 0 948.75646327407628
0 1055.6162485159955 512.70611148595083
0 0 1

0 0 0